Runtime = 1386.288481
Runtime = 1390.109876
Runtime = 1394.578520
